25.18
25.18
25.27
25.27
25.18
25.18
25.18
25.18
25.18
25.18
25.18
25.18
25.18
25.18
25.18
25.18
25.18
25.18
25.18
25.18
25.18
25.18
25.18
25.18
25.09
20.50
21.29
22.35
18.23
17.35
16.13
15.69
18.23
19.63
20.15
20.59
21.21
21.47
21.82
22.00
22.17
22.35
22.52
22.52
22.79
23.14
23.23
21.82
18.23
15.51
14.98
18.32
19.80
20.42
20.94
21.38
21.38
21.73
22.26
22.17
22.61
22.88
23.05
23.23
23.32
23.41
23.41
23.58
23.85
23.93
24.02
24.20
24.29
24.47
24.47
24.56
24.56
24.56
24.56
24.73
24.73
24.73
24.82
24.82
24.91
24.91
25.00
24.91
24.91
24.91
25.00
25.00
25.09
25.00
25.09
25.09
25.09
25.18
25.18
25.18
25.18
25.27
25.18
25.18
25.09
25.09
25.18
25.18
25.18
25.18
25.18
25.18
25.18
25.09
25.09
25.09
25.09
25.09
25.09
25.09
25.09
25.18
25.18
25.18
25.09
25.09
25.09
25.09
25.09
25.09
25.09
25.09
25.00
25.00
25.00
25.09
25.18
25.09
25.09
25.09
25.09
25.00
25.00
25.00
25.00
25.09
25.09
25.00
25.00
25.00
25.00
25.00
25.00
24.91
25.00
25.00
25.00
25.00
25.00
24.91
24.91
24.91
24.91
25.00
24.91
24.91
24.82
24.82
24.73
24.73
24.73
24.82
24.82
24.73
24.73
24.73
24.73
24.73
24.73
24.73
24.73
24.73
24.73
24.73
24.73
24.73
24.73
24.73
24.73
24.73
24.73
24.73
24.73
24.73
24.73
24.73
24.73
24.73
24.73
24.73
24.73
24.82
24.73
24.73
24.73
24.73
24.73
24.73
24.73
24.73
24.73
24.73
24.73
24.73
24.73
24.73
24.73
24.73
24.73
24.73
24.73
24.73
24.73
24.73
24.73
24.73
24.73
24.73
24.73
24.73
24.73
24.73
24.73
24.73
24.73
24.73
24.73
24.73
24.73
24.73
24.73
24.73
24.73
24.73
24.73
24.64
24.73
24.64
24.73
24.64
24.73
24.73
24.64
24.64
24.73
24.73
24.64
24.73
24.73
24.73
24.73
24.73
24.64
24.64
24.73
24.64
24.64
24.64
24.73
24.64
24.73
24.73
24.73
24.73
24.73
24.73
24.73
24.64
24.64
24.64
24.64
24.64
24.73
24.73
24.64
24.73
24.73
24.64
24.64
24.73
24.64
